180 -289.746 236.128 2.2116
182.424 -439.344 386.412 2.12822
184.848 -556.006 503.376 2.09837
187.273 -619.824 567.374 2.08743
189.697 -557.435 504.985 2.09876
192.121 -507.891 455.441 2.1101
194.545 -467.597 415.147 2.12143
196.97 -434.183 381.733 2.13277
199.394 -406.026 353.576 2.1441
201.818 -381.975 329.525 2.15544
204.242 -361.194 308.744 2.16677
206.667 -343.057 290.607 2.17811
209.091 -327.091 274.641 2.18944
211.515 -312.928 260.478 2.20078
213.939 -300.278 247.828 2.21211
216.364 -288.912 236.462 2.22345
218.788 -278.643 226.193 2.23478
221.212 -269.32 216.87 2.24612
223.636 -260.818 208.368 2.25745
226.061 -253.034 200.584 2.26879
228.485 -245.879 193.429 2.28012
230.909 -239.28 186.83 2.29146
233.333 -233.176 180.726 2.30279
235.758 -227.512 175.062 2.31413
238.182 -222.243 169.793 2.32546
240.606 -217.328 164.878 2.3368
243.03 -212.734 160.284 2.34813
245.455 -208.429 155.979 2.35947
247.879 -204.387 151.937 2.3708
250.303 -200.585 148.135 2.38214
252.727 -197.002 144.552 2.39347
255.152 -193.62 141.17 2.40481
257.576 -190.422 137.972 2.41614
260 -187.394 134.944 2.42748
262.424 -184.522 132.072 2.43881
264.848 -181.795 129.345 2.45015
267.273 -179.201 126.751 2.46148
269.697 -176.732 124.282 2.47282
272.121 -174.379 121.929 2.48415
274.545 -172.133 119.683 2.49549
276.97 -169.988 117.538 2.50682
279.394 -167.937 115.487 2.51816
281.818 -165.973 113.523 2.52949
284.242 -164.092 111.642 2.54083
286.667 -162.288 109.838 2.55216
289.091 -160.557 108.107 2.5635
291.515 -158.894 106.444 2.57483
293.939 -157.295 104.845 2.58617
296.364 -155.757 103.307 2.5975
298.788 -154.276 101.826 2.60884
301.212 -152.849 100.399 2.62017
303.636 -151.473 99.0234 2.63151
306.061 -150.146 97.6964 2.64284
308.485 -148.865 96.4153 2.65418
310.909 -147.628 95.1779 2.66551
313.333 -146.432 93.982 2.67685
315.758 -145.275 92.8254 2.68818
318.182 -144.156 91.7063 2.69952
320.606 -143.073 90.6229 2.71085
323.03 -142.024 89.5736 2.72219
325.455 -141.007 88.5566 2.73352
327.879 -140.021 87.5706 2.74486
330.303 -139.064 86.6142 2.75619
332.727 -138.136 85.686 2.76753
335.152 -137.235 84.7848 2.77886
337.576 -136.359 83.9095 2.7902
340 -135.509 83.0589 2.80153
342.424 -134.682 82.2321 2.81287
344.848 -133.878 81.428 2.8242
347.273 -133.096 80.6457 2.83554
349.697 -132.334 79.8844 2.84687
352.121 -131.593 79.1432 2.85821
354.545 -130.871 78.4213 2.86954
356.97 -130.168 77.7179 2.88088
359.394 -129.482 77.0325 2.89221
361.818 -128.814 76.3642 2.90355
364.242 -128.163 75.7125 2.91488
366.667 -127.527 75.0768 2.92622
369.091 -126.906 74.4564 2.93755
371.515 -126.301 73.8508 2.94889
373.939 -125.71 73.2596 2.96022
376.364 -125.132 72.6821 2.97156
378.788 -124.568 72.118 2.98289
381.212 -124.017 71.5667 2.99423
383.636 -123.478 71.0279 3.00556
386.061 -122.951 70.501 3.0169
388.485 -122.436 69.9858 3.02823
390.909 -121.932 69.4818 3.03957
393.333 -121.439 68.9887 3.0509
395.758 -120.956 68.5061 3.06224
398.182 -120.484 68.0337 3.07357
400.606 -120.021 67.5712 3.08491
403.03 -119.568 67.1182 3.09624
405.455 -119.125 66.6745 3.10758
407.879 -118.69 66.2398 3.11891
410.303 -118.264 65.8138 3.13025
412.727 -117.846 65.3963 3.14158
415.152 -117.437 64.987 3.15292
417.576 -117.036 64.5856 3.16425
420 -116.642 64.192 3.17559
